T = 0.001
10.0	35.5338221436
8.97511876491	31.9947462158
8.05527568443	28.8185406494
7.22970559519	25.9680323486
6.48874663521	23.4098597412
5.82372716865	21.1140821533
5.22686429931	19.0538299561
4.69117278544	17.2049888916
4.2103832896	15.5459185791
3.778869007	14.0571983643
3.39157981348	12.7214014893
3.04398316267	11.5228885498
2.73201104034	10.4476265869
2.45201235541	9.48302282715
2.20071021028	8.6177779541
1.97516355044	7.84175280762
1.77273274454	7.14584997559
1.59104869207	6.52190588379
1.4279850972	5.96259533691
1.28163358419	5.46134484863
1.15028136312	5.01225427246
1.03239118471	4.6100279541
0.926583349462	4.24991027832
0.831619560701	3.92763049316
0.746388432452	3.63935046387
0.669892482601	3.38161975098
0.601236459107	3.1513338623
0.539616862628	2.94569763184
0.484312542963	2.7621920166
0.434676259243	2.59854577637
0.3901271051	2.45270861816
0.350143710168	2.32282922363
0.314258138355	2.20723449707
0.282050411457	2.10441394043
0.253143594052	2.01300305176
0.22719938212	1.93177062988
0.203914143784	1.85960754395
0.18301536583	1.79551574707
0.164258464413	1.7385994873
0.147423922625	1.68805578613
0.132314721435	1.64316687012
0.118754033923	1.60329309082
0.106583155827	1.56786437988
0.0956596481884	1.53637463379
0.08585567035	1.50837487793
0.0770564838033	1.48346716309
0.0691591093741	1.46129992676
0.0620711220308	1.44156164551
0.0557095692098	1.42397766113
0.05	1.40830505371
T = 0.002
10.0	31.9807298584
8.97511876491	28.7967703858
8.05527568443	25.9392689209
7.22970559519	23.3747823486
6.48874663521	21.0732967529
5.82372716865	19.0078756104
5.22686429931	17.1543453369
4.69117278544	15.4910111084
4.2103832896	13.9984036865
3.778869007	12.6590516357
3.39157981348	11.457276001
3.04398316267	10.3790072021
2.73201104034	9.4116192627
2.45201235541	8.5437833252
2.20071021028	7.76533312988
1.97516355044	7.06714709473
1.77273274454	6.44104016113
1.59104869207	5.8796673584
1.4279850972	5.37643835449
1.28163358419	4.92543859863
1.15028136312	4.52135949707
1.03239118471	4.15943640137
0.926583349462	3.83539050293
0.831619560701	3.54537902832
0.746388432452	3.28594885254
0.669892482601	3.05399523926
0.601236459107	2.84672497559
0.539616862628	2.66162316895
0.484312542963	2.49642419434
0.434676259243	2.34908459473
0.3901271051	2.21776037598
0.350143710168	2.10078625488
0.314258138355	1.99665881348
0.282050411457	1.90401965332
0.253143594052	1.82164221191
0.22719938212	1.74842028809
0.203914143784	1.68335754395
0.18301536583	1.62555749512
0.164258464413	1.57421472168
0.147423922625	1.52860876465
0.132314721435	1.48809460449
0.118754033923	1.4520970459
0.106583155827	1.42010437012
0.0956596481884	1.39166174316
0.08585567035	1.3663651123
0.0770564838033	1.34385681152
0.0691591093741	1.32382067871
0.0620711220308	1.30597668457
0.0557095692098	1.29007702637
0.05	1.2759029541
T = 0.003
10.0	29.9023040772
8.97511876491	26.926074585
8.05527568443	24.2550030518
7.22970559519	21.8578284912
6.48874663521	19.7064952393
5.82372716865	17.7758238525
5.22686429931	16.0432178955
4.69117278544	14.4883983154
4.2103832896	13.0931656494
3.778869007	11.8411883545
3.39157981348	10.7178101807
3.04398316267	9.70987927246
2.73201104034	8.80559387207
2.45201235541	7.99436340332
2.20071021028	7.26668493652
1.97516355044	6.61403210449
1.77273274454	6.02875280762
1.59104869207	5.50398205566
1.4279850972	5.03355847168
1.28163358419	4.61195349121
1.15028136312	4.23420446777
1.03239118471	3.8958572998
0.926583349462	3.5929119873
0.831619560701	3.32177648926
0.746388432452	3.07922229004
0.669892482601	2.8623470459
0.601236459107	2.66854016113
0.539616862628	2.49545031738
0.484312542963	2.34096008301
0.434676259243	2.20315905762
0.3901271051	2.08032434082
0.350143710168	1.97089953613
0.314258138355	1.8734798584
0.282050411457	1.78679626465
0.253143594052	1.70970324707
0.22719938212	1.6411673584
0.203914143784	1.58025817871
0.18301536583	1.52613830566
0.164258464413	1.47805603027
0.147423922625	1.43533825684
0.132314721435	1.39738293457
0.118754033923	1.36365319824
0.106583155827	1.33367028809
0.0956596481884	1.3070098877
0.08585567035	1.28329455566
0.0770564838033	1.26219006348
0.0691591093741	1.24340075684
0.0620711220308	1.22666442871
0.0557095692098	1.21174987793
0.05	1.19845275879
T = 0.004
10.0	28.4276375733
8.97511876491	25.5987947998
8.05527568443	23.0599974365
7.22970559519	20.7815325928
6.48874663521	18.7367340088
5.82372716865	16.9016693115
5.22686429931	15.2548607178
4.69117278544	13.7770330811
4.2103832896	12.4508890381
3.778869007	11.2609049072
3.39157981348	10.1931507568
3.04398316267	9.23512561035
2.73201104034	8.37561193848
2.45201235541	7.6045435791
2.20071021028	6.91288854981
1.97516355044	6.29254162598
1.77273274454	5.73623034668
1.59104869207	5.23742907715
1.4279850972	4.79028137207
1.28163358419	4.38953234863
1.15028136312	4.03046472168
1.03239118471	3.70884484863
0.926583349462	3.42087097168
0.831619560701	3.16312780762
0.746388432452	2.93254724121
0.669892482601	2.7263704834
0.601236459107	2.54211584473
0.539616862628	2.3775489502
0.484312542963	2.23065637207
0.434676259243	2.09962316895
0.3901271051	1.98281188965
0.350143710168	1.87874353027
0.314258138355	1.78608312988
0.282050411457	1.70362512207
0.253143594052	1.63028137207
0.22719938212	1.56507019043
0.203914143784	1.50710778809
0.18301536583	1.45559924316
0.164258464413	1.4098302002
0.147423922625	1.36916174316
0.132314721435	1.33302209473
0.118754033923	1.30090100098
0.106583155827	1.27234436035
0.0956596481884	1.2469486084
0.08585567035	1.22435510254
0.0770564838033	1.2042467041
0.0691591093741	1.1863416748
0.0620711220308	1.17039147949
0.0557095692098	1.15617614746
0.05	1.14350085449
T = 0.005
10.0	27.2837974854
8.97511876491	24.5692764893
8.05527568443	22.1330789795
7.22970559519	19.946692749
6.48874663521	17.9845286865
5.82372716865	16.2236221924
5.22686429931	14.6433631592
4.69117278544	13.2252554932
4.2103832896	11.9527005615
3.778869007	10.8108023682
3.39157981348	9.7861932373
3.04398316267	8.86687805176
2.73201104034	8.04209191895
2.45201235541	7.30217614746
2.20071021028	6.63846252441
1.97516355044	6.04317443848
1.77273274454	5.50933239746
1.59104869207	5.03067443848
1.4279850972	4.60158093262
1.28163358419	4.21700891113
1.15028136312	3.87243200684
1.03239118471	3.5637869873
0.926583349462	3.28742541504
0.831619560701	3.04007043457
0.746388432452	2.81877746582
0.669892482601	2.62089904785
0.601236459107	2.44405383301
0.539616862628	2.28609729004
0.484312542963	2.1450982666
0.434676259243	2.0193145752
0.3901271051	1.90717541504
0.350143710168	1.80726159668
0.314258138355	1.71829284668
0.282050411457	1.63911242676
0.253143594052	1.56867687988
0.22719938212	1.50604455566
0.203914143784	1.45036804199
0.18301536583	1.4008848877
0.164258464413	1.35691027832
0.147423922625	1.3178314209
0.132314721435	1.28309997559
0.118754033923	1.25222692871
0.106583155827	1.22477624512
0.0956596481884	1.2003614502
0.08585567035	1.17863830566
0.0770564838033	1.15930212402
0.0691591093741	1.14208337402
0.0620711220308	1.12674279785
0.0557095692098	1.11306970215
0.05	1.10087683105
T = 0.006
10.0	26.349211792
8.97511876491	23.7280987549
8.05527568443	21.3757315674
7.22970559519	19.2645787354
6.48874663521	17.369932251
5.82372716865	15.6696173096
5.22686429931	14.1437332764
4.69117278544	12.7744202881
4.2103832896	11.545651001
3.778869007	10.443041626
3.39157981348	9.45368493652
3.04398316267	8.56599792481
2.73201104034	7.76958630371
2.45201235541	7.05512365723
2.20071021028	6.41424035645
1.97516355044	5.8394263916
1.77273274454	5.3239432373
1.59104869207	4.86174353027
1.4279850972	4.44740148926
1.28163358419	4.07604724121
1.15028136312	3.74330969238
1.03239118471	3.44526574707
0.926583349462	3.17839245605
0.831619560701	2.93952502441
0.746388432452	2.72582067871
0.669892482601	2.53472253418
0.601236459107	2.36393103027
0.539616862628	2.21137609863
0.484312542963	2.0751920166
0.434676259243	1.95369787598
0.3901271051	1.84537585449
0.350143710168	1.74885681152
0.314258138355	1.6629041748
0.282050411457	1.58640197754
0.253143594052	1.51834240723
0.22719938212	1.45781726074
0.203914143784	1.40400842285
0.18301536583	1.35617980957
0.164258464413	1.31367150879
0.147423922625	1.27589147949
0.132314721435	1.24231066895
0.118754033923	1.21245715332
0.106583155827	1.18591027832
0.0956596481884	1.16229699707
0.08585567035	1.14128479004
0.0770564838033	1.12257971191
0.0691591093741	1.10592150879
0.0620711220308	1.09107946777
0.0557095692098	1.07784924316
0.05	1.06605065918
T = 0.007
10.0	25.5590311279
8.97511876491	23.0168931885
8.05527568443	20.7354034424
7.22970559519	18.6878597412
6.48874663521	16.8502984619
5.82372716865	15.2012130127
5.22686429931	13.7213023682
4.69117278544	12.393244751
4.2103832896	11.2014954834
3.778869007	10.1321043701
3.39157981348	9.17255310059
3.04398316267	8.31160729981
2.73201104034	7.53918615723
2.45201235541	6.84624401856
2.20071021028	6.22466320801
1.97516355044	5.66716003418
1.77273274454	5.16719885254
1.59104869207	4.71891467285
1.4279850972	4.3170447998
1.28163358419	3.95686560059
1.15028136312	3.6341385498
1.03239118471	3.34505773926
0.926583349462	3.0862064209
0.831619560701	2.85451525879
0.746388432452	2.64722668457
0.669892482601	2.46186120605
0.601236459107	2.29618835449
0.539616862628	2.14820007324
0.484312542963	2.01608728027
0.434676259243	1.89821936035
0.3901271051	1.79312512207
0.350143710168	1.69947619629
0.314258138355	1.61607385254
0.282050411457	1.54183581543
0.253143594052	1.47578527832
0.22719938212	1.41704162598
0.203914143784	1.36481164551
0.18301536583	1.31838244629
0.164258464413	1.27711364746
0.147423922625	1.24043151855
0.132314721435	1.2078236084
0.118754033923	1.17883215332
0.106583155827	1.15304968262
0.0956596481884	1.1301138916
0.08585567035	1.10970275879
0.0770564838033	1.09153161621
0.0691591093741	1.07534729004
0.0620711220308	1.0609263916
0.0557095692098	1.04807067871
0.05	1.03660534668
T = 0.008
10.0	24.8745452881
8.97511876491	22.4008189697
8.05527568443	20.180725708
7.22970559519	18.1882828369
6.48874663521	16.4001712646
5.82372716865	14.7954627686
5.22686429931	13.3553758545
4.69117278544	12.0630552979
4.2103832896	10.9033743896
3.778869007	9.86275817871
3.39157981348	8.9290255127
3.04398316267	8.09124401856
2.73201104034	7.33960461426
2.45201235541	6.66530407715
2.20071021028	6.06044372559
1.97516355044	5.51793615723
1.77273274454	5.03142077637
1.59104869207	4.59519055176
1.4279850972	4.20412438965
1.28163358419	3.85362585449
1.15028136312	3.53956994629
1.03239118471	3.25825354004
0.926583349462	3.00635119629
0.831619560701	2.78087658691
0.746388432452	2.57914562988
0.669892482601	2.39874597168
0.601236459107	2.23750695801
0.539616862628	2.0934744873
0.484312542963	1.9648885498
0.434676259243	1.8501619873
0.3901271051	1.74786340332
0.350143710168	1.65670056152
0.314258138355	1.57550744629
0.282050411457	1.50323059082
0.253143594052	1.43892053223
0.22719938212	1.38172009277
0.203914143784	1.33085803223
0.18301536583	1.28564074707
0.164258464413	1.24544567871
0.147423922625	1.20971496582
0.132314721435	1.17794958496
0.118754033923	1.14970495605
0.106583155827	1.12458435059
0.0956596481884	1.10223547363
0.08585567035	1.08234533691
0.0770564838033	1.06463635254
0.0691591093741	1.0488626709
0.0620711220308	1.03480651855
0.0557095692098	1.02227526855
0.05	1.01109875488
T = 0.009
10.0	24.2707860107
8.97511876491	21.8574029541
8.05527568443	19.6914656982
7.22970559519	17.7476248779
6.48874663521	16.0031307373
5.82372716865	14.4375655518
5.22686429931	13.0326060791
4.69117278544	11.7718074951
4.2103832896	10.6404127197
3.778869007	9.62517810059
3.39157981348	8.71421887207
3.04398316267	7.89686999512
2.73201104034	7.16356091309
2.45201235541	6.50570373535
2.20071021028	5.91559216309
1.97516355044	5.38631115723
1.77273274454	4.91165588379
1.59104869207	4.48605822754
1.4279850972	4.10452160645
1.28163358419	3.76256213379
1.15028136312	3.45615466309
1.03239118471	3.18168664551
0.926583349462	2.93591394043
0.831619560701	2.71592248535
0.746388432452	2.51909387207
0.669892482601	2.34307434082
0.601236459107	2.18574621582
0.539616862628	2.04520324707
0.484312542963	1.91972790527
0.434676259243	1.80777233887
0.3901271051	1.70793981934
0.350143710168	1.61897009277
0.314258138355	1.53972521973
0.282050411457	1.46917858887
0.253143594052	1.40640344238
0.22719938212	1.35056433105
0.203914143784	1.30090881348
0.18301536583	1.25676062012
0.164258464413	1.21751257324
0.147423922625	1.18262097168
0.132314721435	1.15159899902
0.118754033923	1.12401306152
0.106583155827	1.09947644043
0.0956596481884	1.0776451416
0.08585567035	1.0582142334
0.0770564838033	1.04091296387
0.0691591093741	1.02550158691
0.0620711220308	1.01176721191
0.0557095692098	0.999522338867
0.05	0.988600219727
