input	2
output	1
trainingMethod	Supervised
jitterNoiseLimit	0.0001
jitterEpoch	50
trainingEpochs	2000
normalized	True
mu_inputs	0.0	0.0
sigma_inputs	1.22927259431	1.22927259431
mu_outputs	6.02440155656
sigma_outputs	1.98051937765
Layer
neurons	25
useFixedBiasValues	False
activationFunction	Logistic
learningRateFunction	HyperbolicFunction	0.5	0.1
biasInitializer	RandomFunction	-1.0	1.0
Layer
neurons	10
useFixedBiasValues	False
activationFunction	Logistic
learningRateFunction	HyperbolicFunction	0.5	0.1
biasInitializer	RandomFunction	-1.0	1.0
Connection
connectionMode	Complete
weightsInitializer	RandomFunction	-1.0	1.0
momentum	0.07
Connection
connectionMode	Complete
weightsInitializer	RandomFunction	-1.0	1.0
momentum	0.07
Connection
connectionMode	Complete
weightsInitializer	RandomFunction	-1.0	1.0
momentum	0.07
Weight
-0.174355619409
2.3400235645
1.27185369973
-8.46606105541
-0.686371098133
-2.83909972882
-0.17252120843
-0.940962016306
-0.668070611568
3.03281222944
-0.498201143561
-4.35454133592
-0.0557756958918
-1.35476904174
0.00239778834736
-10.1617186066
2.41056864451
-6.71468978801
-0.00968192921038
-0.77074680054
-0.427528722759
-0.334310458777
-0.225014165464
-0.970649741259
-0.379785553303
-3.65171883742
-0.108173422672
-0.628503626106
-1.52247947648
-3.35988350617
0.0184860306947
1.49168109253
-1.12604190439
-2.37506137569
-0.534881791526
-3.24742618853
-0.352109717576
3.10457663221
-2.4706223109
-9.79560985336
2.84980198999
-10.6352318872
-3.1809835267
-2.828063324
-0.361720617393
-4.00747610174
-0.155229603152
-1.01254567864
-0.183600078701
-1.22732985688
Weight
-1.76076327861
-1.87088827478
-2.92340075403
-0.14951010712
0.19629440204
-1.00028093781
-1.00456752308
-2.42692395196
-2.48329085866
-1.11846786006
-3.46762840995
-0.910874499991
-2.36399542766
-0.88991493617
-1.54624915722
-1.18340119201
-1.26251594632
-1.42742960174
-1.02366977432
-2.64335293011
-3.24588016446
-1.74610993495
-2.68466076137
-2.60917599149
-1.65548897741
0.280780214793
-0.151187122238
0.106024293189
-0.0697787528336
0.0925804552661
-1.41238623868
-0.00898540986197
-3.809186795
-4.41305180639
0.0878390145537
-0.0299978403762
-0.549324187655
-0.945259953424
-0.31856974252
1.38590138582
-0.554054984224
1.06956901781
-0.187660733675
-0.0344405607885
-0.90251844869
-3.68982402808
1.47620568439
-1.21751700814
-0.0910937081496
-0.362510452463
-1.73066960987
-3.17710144599
-1.52408003712
-0.657901393418
-1.47619553266
-2.8550349428
0.324784226075
-3.31296253608
-2.01818061988
-0.0967054838536
-0.652323766288
0.553088155921
-1.06205384084
0.517300631684
-2.16914567358
-0.872874457992
-0.74426681646
-0.426175190996
-0.172620491201
-2.14903805489
-2.26462038422
-0.721669466862
-2.65332861526
-1.62653997989
-1.56079926561
0.0664457586779
-0.0779885339427
-1.13174548071
-1.0749060671
-0.333774133154
0.561009374755
-0.628783321736
-3.905011044
-3.66628884915
-0.554684613035
-2.01396419494
0.272813031946
0.870221391469
-0.747946617939
0.319398967525
0.687847043105
-0.907426259826
0.935569783882
0.822160481358
-0.170463415209
-4.59830880958
-2.08828265081
1.48606378822
-1.01473314032
-1.98508777978
-0.568685575719
-3.8184091836
-6.67027146173
-0.654621083
0.330669731993
-1.46136855764
-0.425576511741
-6.36385536747
-7.48984861135
-1.93713004145
-4.20395434157
-0.350559169931
-4.59858000215
-2.65379156064
-2.10407978559
-0.166700996285
-2.99654175058
-0.833281648164
-0.966447353326
-4.04325313882
-4.18117733415
-2.65272178495
-4.11140811565
-3.47254606745
-3.91235980524
1.03303403032
-3.25096433933
-1.07523244112
-0.278038309072
1.54541859074
-0.0180728416922
-1.08671875323
-5.09377280847
-3.11435510585
-0.351987728159
0.510894489806
-0.914951934729
-0.599066672643
-0.70187412011
-2.22330099085
0.355605349804
-1.49052516655
-1.24944639146
1.05590022775
2.82196186846
3.76395085835
-0.564804068867
-1.09939758912
-1.02943613882
-1.69735187226
0.0811019535904
0.690155913525
-0.532442428945
-0.600729990233
-0.18439244341
-1.00391345563
-0.209860007646
-3.36165432097
-3.29972720784
-0.526325637355
-0.328852343876
0.10660422601
-1.04946248777
0.214399843771
-1.04048952102
0.762072906362
-0.616754460907
-1.65765142801
-0.06676041498
-7.92345176071
2.16979621899
-0.782276887203
-1.07687640856
-0.490879122858
0.00540528115863
0.77693619202
-9.60585869237
-4.13159596883
-0.598918841839
1.34292108944
-5.48213946367
-1.22649500088
-0.562328427561
-2.14094009818
-0.139761418949
0.632742478117
-0.95242589055
-5.04861303106
0.138483147815
-1.30190813065
0.752412211405
-1.27091159727
-4.5344625128
1.00998445086
-7.98454802188
-6.52261871236
-1.23160452054
-5.471624609
-0.106274834641
0.0624973749942
0.131526903753
-3.24835881126
-4.00341172688
-1.77233937134
-0.0210326740292
-1.78704109233
0.0594158850848
-4.40672863792
-4.47613535327
-1.67999202637
-2.63674711753
-0.51470720301
-3.32665905289
-1.73511813525
-0.368736403398
-0.655178931876
-3.06033126841
-0.258760392839
-0.681704170355
-2.83646209718
-3.88684856993
-1.49509023935
-1.56007322671
-2.31639026738
-3.53245735796
-0.761393693551
-9.26154346906
-5.81430756272
0.193066682272
-0.866093782392
-7.51659221177
-1.44215891916
-9.99911136384
-10.6827007089
-0.379190937744
-0.188608239103
0.644800697524
-2.86077462548
-1.47927069563
-6.78420468088
-1.03938097394
-0.735660987638
-2.88858270577
0.499574126524
-7.48131369517
-9.46844218905
-1.25053371016
-10.0247110846
-0.0859239487643
-0.926703867143
Weight
-9.57495471023
7.24700730545
-12.4390675726
7.57115142414
-5.77757551935
6.80850374788
5.98626746571
7.68011431735
-2.97752860246
-9.93375190166
Bias
0.0
0.0
Bias
-6.3090519601
8.76042227213
-0.497294093956
-2.96374982236
-7.41916535465
2.5564708998
-2.5817700073
1.11924637671
-0.0234970627602
-3.57379728749
-4.07177288374
-2.93044416882
1.8572060498
-3.81839525724
-1.81723849573
-5.28083797183
-1.83417668953
1.05658285867
-7.44376642282
7.67259420867
5.49872455217
-1.58986411716
2.14198336366
-3.0100920622
-3.13331894677
Bias
-7.69051985535
-2.48556364052
-7.99290627153
-3.06209116872
-7.57747993144
-3.08215846868
-3.05067279299
-2.35392469773
-6.75624552508
-9.49789080741
Bias
0.272980066764
