input	2
output	1
trainingMethod	Supervised
jitterNoiseLimit	0.0001
jitterEpoch	50
trainingEpochs	1000
normalized	True
mu_inputs	0.0	0.0
sigma_inputs	1.22927259431	1.22927259431
mu_outputs	6.02222222222
sigma_outputs	1.90014424404
Layer
neurons	25
useFixedBiasValues	False
activationFunction	Logistic
learningRateFunction	HyperbolicFunction	0.5	0.1
biasInitializer	RandomFunction	-1.0	1.0
Layer
neurons	10
useFixedBiasValues	False
activationFunction	Logistic
learningRateFunction	HyperbolicFunction	0.5	0.1
biasInitializer	RandomFunction	-1.0	1.0
Connection
connectionMode	Complete
weightsInitializer	RandomFunction	-1.0	1.0
momentum	0.07
Connection
connectionMode	Complete
weightsInitializer	RandomFunction	-1.0	1.0
momentum	0.07
Connection
connectionMode	Complete
weightsInitializer	RandomFunction	-1.0	1.0
momentum	0.07
Weight
-0.0895943850144
-2.20726808026
-0.684660910669
1.82223266945
0.195111755926
-0.102974334173
2.34131132028
-0.0851177057895
0.495898702963
-0.622934009134
2.0163088606
-0.150127340437
1.13837720232
1.53104537856
-0.920133660945
-1.86281851067
0.40358001474
-1.90942264721
0.61460768113
-1.00687015658
1.96732365338
-2.13499973661
-0.160798752642
2.66669080643
1.23056685056
2.03329816123
1.1524379121
-0.922943839777
-0.923337867371
-3.49772631188
1.09396481074
1.63225531567
1.6870124628
-0.156936210412
0.752930844205
1.74631812267
-1.2396636018
-1.4313304428
-1.59279282883
-3.4522824542
-0.901643651291
0.868098040609
-2.63727370543
0.319401300327
2.06965223718
-3.27811858093
-0.725014572635
0.0134195782448
-0.358275847525
1.38571072595
Weight
-1.14939957929
-0.000322929409883
-1.1811213633
-0.762771825161
-1.06828416485
0.128954085637
0.0596789577151
-0.674706635384
0.392876236553
-1.06819556388
-0.184687482716
0.193849680073
-1.27626549248
0.141594917009
-0.53645471482
-0.0375591294728
0.0173462440084
0.183006390489
-0.748754697546
0.178745275999
-0.909667542815
-1.00063797442
-2.39210907809
-1.02580856596
0.344166271741
-0.120544134954
-1.74847881933
0.675340449455
0.423965775614
-0.214468679893
-0.297270434218
-1.73586647562
-1.08606341003
-0.706558383752
0.177030470388
-0.538065727176
-0.0111052854264
-0.27463179413
-1.57625516591
-1.5853324864
0.209789203191
0.517565863077
-1.09447148766
-0.913182564842
0.356854799097
-0.376442500547
0.185120788861
-2.6298608225
-0.250956337105
-0.382683857569
0.177033874855
-0.832919572356
0.604746041973
-1.27073236721
-0.273417989927
-1.0533080574
-0.257662897835
-0.605096374775
0.795962315331
0.674340453849
1.39371481355
-0.0405631208207
-0.640525881595
-0.343911239151
-2.05332300845
0.0959151970152
-0.00239273979908
0.390102655561
-0.0805736852499
0.818934864052
1.31344782285
-1.88138515397
-3.85740533621
0.688947255954
0.176705157503
-0.846050263906
1.99610019911
-0.823884281225
1.02474159117
-1.17692681376
0.71698580873
0.358363153323
-1.43826162375
-0.56570738488
-1.94029551743
-1.38775783013
2.49792549964
-1.02893312449
0.587366625664
-0.61901863462
1.15726107105
0.649537874677
1.17145066627
-1.79999490331
-1.34704017716
-1.38099579286
1.86161396994
-1.5450537187
-0.742100941545
0.748244077722
-0.622825590233
-0.512582948453
-0.462851912294
-0.721237600091
-0.49406749176
-0.904122348632
-0.569909966997
-1.53317667475
-1.42122048781
-1.34417103285
-0.156800959025
0.0730536049056
0.058607169804
0.177696432516
-0.136761469843
-0.0479935264889
-0.587946866618
0.0817523534274
-1.17262452061
0.209674404975
-1.34153050808
0.330417595763
-0.642638193403
-1.36726069238
-0.935281156038
-1.33010909229
-0.108414994154
0.215084837108
-0.166440645361
0.141493403791
-0.05775263887
-1.42537186688
-0.916350188332
-1.32107249594
0.180303106943
0.0840144257255
-1.45548708187
0.374928425601
-0.385885229325
-0.739013037497
0.117001373075
-1.15588696804
0.336374734696
-0.0259751715391
0.0369536266817
-0.36393205609
0.275894679049
-2.17408232835
-0.54627053377
0.124041954253
-1.40667959133
-0.849309688428
0.199288166252
-0.37064151243
-1.02288797866
-0.213724277286
-1.55892275564
-0.0961302926046
-0.725597863821
-0.91600639207
-0.0936717679579
-0.482387394354
-1.11184097259
-0.221070653064
-1.46224131666
0.725595586069
-0.0899274844603
-0.421645352912
-0.0328447329514
-0.0245728945619
-0.940465632873
-0.58071731691
-1.17034462712
-1.0755601933
-0.42866860051
-1.02810071006
-1.23160999276
0.114883227395
-1.1786446658
0.570759356884
-0.668834001413
-0.0890285175082
-0.77118934034
0.2010103655
0.285876341808
0.69663642239
-2.02694392901
1.72560217269
0.640803298783
-1.58775130962
-1.48516827567
0.0437206031854
-1.49320583925
2.03048024343
-1.73495552102
-0.168274527462
-0.94959145299
-2.91871375919
0.163780499919
-0.368101527546
-0.113178259683
0.14773206755
-0.205061229575
-0.303960959321
-0.77048937813
-1.49743439236
-0.35553194776
-1.26156226505
-0.194406130796
-1.69072277401
-0.162253499602
0.332649181778
0.412318795662
-0.595397171082
-0.429213252313
0.695331655226
-1.463933537
0.0451775672107
-2.12271209059
0.293892398732
-0.268353803262
-0.23495272143
-1.40582219204
0.00502980918491
0.0622199773415
-0.0639904935359
-0.188743458663
-0.972113175713
0.358703469429
0.808271981213
0.127618732138
-1.53640443869
-0.331216226135
-1.09314850527
-0.12414269231
-0.284752150102
-0.512968142225
-0.433879260871
-1.40091651024
-1.30071744795
0.122801822208
-0.823203171562
-0.693729115345
-0.891646386778
0.118194923114
-1.34309844545
-1.15677833224
-2.21210847497
0.445866213534
-0.840133556609
Weight
-4.77585857405
-6.35875670432
-2.39853791292
2.47495086338
-6.24110193796
-6.66542329318
-5.54674350879
-3.12074821461
-7.04085456426
-6.4357294128
Bias
0.0
0.0
Bias
-4.35438784626
-4.32700039029
-2.22543577547
-3.91727642014
-2.49999850833
-3.61686481405
-4.48863181692
-5.04004515958
-2.81087642871
-2.51183245232
-0.525598421125
-5.24630902262
-2.5343685875
-3.26593704326
-7.49670844462
-3.41206864234
-3.09101889756
-3.63447635394
-2.09462892455
-1.13442184925
-2.52720728004
-4.13419968869
-9.53150129367
-2.5948552647
-2.74446795365
Bias
-1.43461287237
-1.87242014979
-1.52843751811
-2.77879423444
-1.53452002198
-2.33748912916
-1.42531286211
-1.29651911482
-2.13337258068
-1.76579530968
Bias
3.90092603249
